0 0.185507 0.115566 0.159420 0.125000
0 0.185507 0.278302 0.159420 0.125000
0 0.185507 0.509434 0.159420 0.125000
0 0.185507 0.634434 0.159420 0.125000
0 0.185507 0.787736 0.159420 0.125000
0 0.185507 0.905660 0.159420 0.125000
0 0.342029 0.115566 0.159420 0.125000
0 0.342029 0.278302 0.159420 0.125000
0 0.342029 0.509434 0.159420 0.125000
0 0.342029 0.634434 0.159420 0.125000
0 0.342029 0.787736 0.159420 0.125000
0 0.562319 0.115566 0.159420 0.125000
0 0.562319 0.278302 0.159420 0.125000
0 0.562319 0.509434 0.159420 0.125000
0 0.562319 0.634434 0.159420 0.125000
0 0.562319 0.787736 0.159420 0.125000
0 0.562319 0.905660 0.159420 0.125000
0 0.771014 0.115566 0.159420 0.125000
0 0.771014 0.278302 0.159420 0.125000
0 0.771014 0.509434 0.159420 0.125000
0 0.771014 0.634434 0.159420 0.125000
0 0.915942 0.905660 0.159420 0.125000