0 0.131274 0.154088 0.212355 0.166667
0 0.131274 0.327044 0.212355 0.166667
0 0.131274 0.600629 0.212355 0.166667
0 0.131274 0.764151 0.212355 0.166667
0 0.131274 0.937107 0.212355 0.166667
0 0.424710 0.154088 0.212355 0.166667
0 0.424710 0.327044 0.212355 0.166667
0 0.424710 0.600629 0.212355 0.166667
0 0.424710 0.764151 0.212355 0.166667
0 0.424710 0.937107 0.212355 0.166667
0 0.629344 0.154088 0.212355 0.166667
0 0.629344 0.327044 0.212355 0.166667
0 0.629344 0.600629 0.212355 0.166667
0 0.629344 0.764151 0.212355 0.166667
0 0.629344 0.937107 0.212355 0.166667
0 0.868726 0.154088 0.212355 0.166667
0 0.868726 0.327044 0.212355 0.166667
0 0.868726 0.600629 0.212355 0.166667
0 0.868726 0.764151 0.212355 0.166667
0 0.868726 0.937107 0.212355 0.166667