0 0.104247 0.512579 0.212355 0.166667
0 0.104247 0.855346 0.212355 0.166667
0 0.316602 0.210692 0.212355 0.166667
0 0.316602 0.512579 0.212355 0.166667
0 0.316602 0.676101 0.212355 0.166667
0 0.316602 0.855346 0.212355 0.166667
0 0.528958 0.210692 0.212355 0.166667
0 0.528958 0.512579 0.212355 0.166667
0 0.528958 0.676101 0.212355 0.166667
0 0.528958 0.855346 0.212355 0.166667
0 0.741313 0.210692 0.212355 0.166667
0 0.741313 0.512579 0.212355 0.166667
0 0.741313 0.676101 0.212355 0.166667
0 0.741313 0.855346 0.212355 0.166667