0 0.127413 0.201258 0.212355 0.166667
0 0.127413 0.374214 0.212355 0.166667
0 0.127413 0.610063 0.212355 0.166667
0 0.401544 0.201258 0.212355 0.166667
0 0.401544 0.374214 0.212355 0.166667
0 0.401544 0.610063 0.212355 0.166667
0 0.401544 0.955975 0.212355 0.166667
0 0.613900 0.201258 0.212355 0.166667
0 0.613900 0.374214 0.212355 0.166667
0 0.613900 0.610063 0.212355 0.166667
0 0.613900 0.955975 0.212355 0.166667
0 0.826255 0.201258 0.212355 0.166667
0 0.826255 0.374214 0.212355 0.166667
0 0.826255 0.610063 0.212355 0.166667
0 0.826255 0.955975 0.212355 0.166667