0 0.017391 0.195755 0.159420 0.125000
0 0.017391 0.389151 0.159420 0.125000
0 0.017391 0.537736 0.159420 0.125000
0 0.017391 0.799528 0.159420 0.125000
0 0.162319 0.195755 0.159420 0.125000
0 0.162319 0.389151 0.159420 0.125000
0 0.162319 0.537736 0.159420 0.125000
0 0.162319 0.799528 0.159420 0.125000
0 0.440580 0.195755 0.159420 0.125000
0 0.440580 0.389151 0.159420 0.125000
0 0.440580 0.537736 0.159420 0.125000
0 0.440580 0.799528 0.159420 0.125000
0 0.605797 0.195755 0.159420 0.125000
0 0.605797 0.389151 0.159420 0.125000
0 0.605797 0.537736 0.159420 0.125000
0 0.605797 0.799528 0.159420 0.125000
0 0.759420 0.195755 0.159420 0.125000
0 0.759420 0.389151 0.159420 0.125000
0 0.759420 0.537736 0.159420 0.125000
0 0.759420 0.799528 0.159420 0.125000