0 0.204633 0.144654 0.212355 0.166667
0 0.204633 0.327044 0.212355 0.166667
0 0.204633 0.487421 0.212355 0.166667
0 0.204633 0.691824 0.212355 0.166667
0 0.204633 0.977987 0.212355 0.166667
0 0.401544 0.144654 0.212355 0.166667
0 0.401544 0.327044 0.212355 0.166667
0 0.401544 0.487421 0.212355 0.166667
0 0.401544 0.691824 0.212355 0.166667
0 0.401544 0.977987 0.212355 0.166667
0 0.606178 0.144654 0.212355 0.166667
0 0.606178 0.327044 0.212355 0.166667
0 0.606178 0.487421 0.212355 0.166667
0 0.606178 0.691824 0.212355 0.166667
0 0.606178 0.977987 0.212355 0.166667
0 0.853282 0.144654 0.212355 0.166667
0 0.853282 0.327044 0.212355 0.166667
0 0.853282 0.487421 0.212355 0.166667
0 0.853282 0.691824 0.212355 0.166667
0 0.853282 0.977987 0.212355 0.166667