0 0.189189 0.295597 0.212355 0.166667
0 0.189189 0.465409 0.212355 0.166667
0 0.189189 0.641509 0.212355 0.166667
0 0.189189 0.811321 0.212355 0.166667
0 0.189189 0.984277 0.212355 0.166667
0 0.405405 0.295597 0.212355 0.166667
0 0.405405 0.465409 0.212355 0.166667
0 0.405405 0.641509 0.212355 0.166667
0 0.405405 0.811321 0.212355 0.166667
0 0.405405 0.984277 0.212355 0.166667
0 0.613900 0.295597 0.212355 0.166667
0 0.613900 0.465409 0.212355 0.166667
0 0.613900 0.811321 0.212355 0.166667
0 0.613900 0.984277 0.212355 0.166667
0 0.845560 0.295597 0.212355 0.166667
0 0.845560 0.465409 0.212355 0.166667
0 0.845560 0.641509 0.212355 0.166667
0 0.845560 0.811321 0.212355 0.166667
0 0.845560 0.984277 0.212355 0.166667