0 0.177606 0.128931 0.212355 0.166667
0 0.177606 0.298742 0.212355 0.166667
0 0.177606 0.619497 0.212355 0.166667
0 0.177606 0.792453 0.212355 0.166667
0 0.177606 0.965409 0.212355 0.166667
0 0.401544 0.128931 0.212355 0.166667
0 0.401544 0.298742 0.212355 0.166667
0 0.401544 0.619497 0.212355 0.166667
0 0.401544 0.792453 0.212355 0.166667
0 0.401544 0.965409 0.212355 0.166667
0 0.613900 0.128931 0.212355 0.166667
0 0.613900 0.298742 0.212355 0.166667
0 0.613900 0.619497 0.212355 0.166667
0 0.613900 0.792453 0.212355 0.166667
0 0.613900 0.965409 0.212355 0.166667
0 0.849421 0.128931 0.212355 0.166667
0 0.849421 0.298742 0.212355 0.166667
0 0.849421 0.619497 0.212355 0.166667
0 0.849421 0.792453 0.212355 0.166667
0 0.849421 0.965409 0.212355 0.166667