0 0.185328 0.207547 0.212355 0.166667
0 0.185328 0.474843 0.212355 0.166667
0 0.185328 0.654088 0.212355 0.166667
0 0.185328 0.817610 0.212355 0.166667
0 0.185328 0.990566 0.212355 0.166667
0 0.386100 0.207547 0.212355 0.166667
0 0.386100 0.474843 0.212355 0.166667
0 0.386100 0.654088 0.212355 0.166667
0 0.386100 0.817610 0.212355 0.166667
0 0.386100 0.990566 0.212355 0.166667
0 0.768340 0.207547 0.212355 0.166667
0 0.768340 0.474843 0.212355 0.166667
0 0.768340 0.654088 0.212355 0.166667
0 0.768340 0.817610 0.212355 0.166667
0 0.768340 0.990566 0.212355 0.166667