0 0.189189 0.141509 0.212355 0.166667
0 0.189189 0.377358 0.212355 0.166667
0 0.189189 0.663522 0.212355 0.166667
0 0.189189 0.965409 0.212355 0.166667
0 0.416988 0.141509 0.212355 0.166667
0 0.416988 0.377358 0.212355 0.166667
0 0.416988 0.663522 0.212355 0.166667
0 0.416988 0.965409 0.212355 0.166667
0 0.621622 0.141509 0.212355 0.166667
0 0.621622 0.377358 0.212355 0.166667
0 0.621622 0.663522 0.212355 0.166667
0 0.621622 0.965409 0.212355 0.166667
0 0.814672 0.141509 0.212355 0.166667
0 0.814672 0.377358 0.212355 0.166667
0 0.814672 0.663522 0.212355 0.166667
0 0.814672 0.965409 0.212355 0.166667