0 0.131274 0.147799 0.212355 0.166667
0 0.131274 0.430818 0.212355 0.166667
0 0.351351 0.147799 0.212355 0.166667
0 0.351351 0.430818 0.212355 0.166667
0 0.351351 0.619497 0.212355 0.166667
0 0.351351 0.795597 0.212355 0.166667
0 0.351351 0.968553 0.212355 0.166667
0 0.559846 0.147799 0.212355 0.166667
0 0.559846 0.430818 0.212355 0.166667
0 0.559846 0.619497 0.212355 0.166667
0 0.559846 0.795597 0.212355 0.166667
0 0.559846 0.968553 0.212355 0.166667
0 0.768340 0.147799 0.212355 0.166667
0 0.768340 0.430818 0.212355 0.166667
0 0.768340 0.619497 0.212355 0.166667
0 0.768340 0.795597 0.212355 0.166667
0 0.768340 0.968553 0.212355 0.166667