0 0.270270 0.295597 0.212355 0.166667
0 0.270270 0.465409 0.212355 0.166667
0 0.270270 0.638365 0.212355 0.166667
0 0.270270 0.811321 0.212355 0.166667
0 0.270270 0.993711 0.212355 0.166667
0 0.482625 0.295597 0.212355 0.166667
0 0.482625 0.465409 0.212355 0.166667
0 0.482625 0.638365 0.212355 0.166667
0 0.482625 0.811321 0.212355 0.166667
0 0.482625 0.993711 0.212355 0.166667
0 0.849421 0.465409 0.212355 0.166667
0 0.849421 0.638365 0.212355 0.166667
0 0.849421 0.811321 0.212355 0.166667
0 0.849421 0.993711 0.212355 0.166667