0 0.270270 0.138365 0.212355 0.166667
0 0.270270 0.305031 0.212355 0.166667
0 0.270270 0.484277 0.212355 0.166667
0 0.270270 0.820755 0.212355 0.166667
0 0.270270 0.993711 0.212355 0.166667
0 0.664093 0.138365 0.212355 0.166667
0 0.664093 0.305031 0.212355 0.166667
0 0.664093 0.484277 0.212355 0.166667
0 0.664093 0.647799 0.212355 0.166667
0 0.664093 0.820755 0.212355 0.166667
0 0.664093 0.993711 0.212355 0.166667
0 0.876448 0.305031 0.212355 0.166667
0 0.876448 0.484277 0.212355 0.166667
0 0.876448 0.647799 0.212355 0.166667
0 0.876448 0.820755 0.212355 0.166667
0 0.876448 0.993711 0.212355 0.166667