0 0.189189 0.125786 0.212355 0.166667
0 0.189189 0.364780 0.212355 0.166667
0 0.189189 0.691824 0.212355 0.166667
0 0.189189 0.893082 0.212355 0.166667
0 0.405405 0.125786 0.212355 0.166667
0 0.405405 0.364780 0.212355 0.166667
0 0.405405 0.691824 0.212355 0.166667
0 0.405405 0.893082 0.212355 0.166667
0 0.598456 0.125786 0.212355 0.166667
0 0.598456 0.364780 0.212355 0.166667
0 0.598456 0.691824 0.212355 0.166667
0 0.795367 0.125786 0.212355 0.166667
0 0.795367 0.364780 0.212355 0.166667
0 0.795367 0.691824 0.212355 0.166667