0 0.181467 0.415094 0.212355 0.166667
0 0.181467 0.616352 0.212355 0.166667
0 0.181467 0.783019 0.212355 0.166667
0 0.181467 0.952830 0.212355 0.166667
0 0.405405 0.415094 0.212355 0.166667
0 0.405405 0.616352 0.212355 0.166667
0 0.405405 0.783019 0.212355 0.166667
0 0.405405 0.952830 0.212355 0.166667
0 0.598456 0.415094 0.212355 0.166667
0 0.598456 0.616352 0.212355 0.166667
0 0.598456 0.783019 0.212355 0.166667
0 0.598456 0.952830 0.212355 0.166667
0 0.845560 0.415094 0.212355 0.166667
0 0.845560 0.783019 0.212355 0.166667