0 0.127536 0.106132 0.159420 0.125000
0 0.127536 0.273585 0.159420 0.125000
0 0.127536 0.448113 0.159420 0.125000
0 0.127536 0.634434 0.159420 0.125000
0 0.127536 0.896226 0.159420 0.125000
0 0.400000 0.106132 0.159420 0.125000
0 0.400000 0.273585 0.159420 0.125000
0 0.400000 0.448113 0.159420 0.125000
0 0.400000 0.634434 0.159420 0.125000
0 0.400000 0.896226 0.159420 0.125000
0 0.614493 0.106132 0.159420 0.125000
0 0.614493 0.273585 0.159420 0.125000
0 0.614493 0.448113 0.159420 0.125000
0 0.614493 0.634434 0.159420 0.125000
0 0.614493 0.896226 0.159420 0.125000
0 0.828986 0.106132 0.159420 0.125000
0 0.828986 0.273585 0.159420 0.125000
0 0.828986 0.448113 0.159420 0.125000
0 0.828986 0.634434 0.159420 0.125000
0 0.828986 0.896226 0.159420 0.125000