0 0.002899 0.044811 0.159420 0.125000
0 0.002899 0.186321 0.159420 0.125000
0 0.002899 0.320755 0.159420 0.125000
0 0.002899 0.457547 0.159420 0.125000
0 0.002899 0.599057 0.159420 0.125000
0 0.002899 0.747642 0.159420 0.125000
0 0.147826 0.044811 0.159420 0.125000
0 0.147826 0.186321 0.159420 0.125000
0 0.147826 0.320755 0.159420 0.125000
0 0.147826 0.457547 0.159420 0.125000
0 0.147826 0.599057 0.159420 0.125000
0 0.147826 0.747642 0.159420 0.125000
0 0.307246 0.044811 0.159420 0.125000
0 0.307246 0.186321 0.159420 0.125000
0 0.307246 0.320755 0.159420 0.125000
0 0.307246 0.457547 0.159420 0.125000
0 0.307246 0.599057 0.159420 0.125000
0 0.307246 0.747642 0.159420 0.125000
0 0.457971 0.044811 0.159420 0.125000
0 0.457971 0.186321 0.159420 0.125000
0 0.457971 0.320755 0.159420 0.125000
0 0.457971 0.457547 0.159420 0.125000
0 0.457971 0.599057 0.159420 0.125000
0 0.457971 0.747642 0.159420 0.125000