0 0.212355 0.097484 0.212355 0.166667
0 0.212355 0.405660 0.212355 0.166667
0 0.212355 0.619497 0.212355 0.166667
0 0.212355 0.789308 0.212355 0.166667
0 0.212355 0.962264 0.212355 0.166667
0 0.451737 0.405660 0.212355 0.166667
0 0.451737 0.619497 0.212355 0.166667
0 0.451737 0.789308 0.212355 0.166667
0 0.451737 0.962264 0.212355 0.166667
0 0.664093 0.405660 0.212355 0.166667
0 0.664093 0.619497 0.212355 0.166667
0 0.664093 0.789308 0.212355 0.166667
0 0.664093 0.962264 0.212355 0.166667
0 0.876448 0.405660 0.212355 0.166667
0 0.876448 0.619497 0.212355 0.166667
0 0.876448 0.789308 0.212355 0.166667