0 0.127536 0.106132 0.159420 0.125000
0 0.127536 0.273585 0.159420 0.125000
0 0.127536 0.448113 0.159420 0.125000
0 0.127536 0.683962 0.159420 0.125000
0 0.402899 0.106132 0.159420 0.125000
0 0.402899 0.273585 0.159420 0.125000
0 0.402899 0.448113 0.159420 0.125000
0 0.402899 0.683962 0.159420 0.125000
0 0.614493 0.106132 0.159420 0.125000
0 0.614493 0.273585 0.159420 0.125000
0 0.614493 0.448113 0.159420 0.125000
0 0.614493 0.683962 0.159420 0.125000
0 0.614493 0.896226 0.159420 0.125000
0 0.826087 0.106132 0.159420 0.125000
0 0.826087 0.273585 0.159420 0.125000
0 0.826087 0.448113 0.159420 0.125000
0 0.826087 0.683962 0.159420 0.125000
0 0.826087 0.896226 0.159420 0.125000