0 0.189189 0.141509 0.212355 0.166667
0 0.189189 0.377358 0.212355 0.166667
0 0.189189 0.663522 0.212355 0.166667
0 0.189189 0.962264 0.212355 0.166667
0 0.401544 0.141509 0.212355 0.166667
0 0.401544 0.377358 0.212355 0.166667
0 0.401544 0.663522 0.212355 0.166667
0 0.401544 0.962264 0.212355 0.166667
0 0.598456 0.141509 0.212355 0.166667
0 0.598456 0.377358 0.212355 0.166667
0 0.598456 0.663522 0.212355 0.166667
0 0.598456 0.962264 0.212355 0.166667
0 0.814672 0.141509 0.212355 0.166667
0 0.814672 0.377358 0.212355 0.166667
0 0.814672 0.663522 0.212355 0.166667