0 0.239382 0.100629 0.212355 0.166667
0 0.239382 0.327044 0.212355 0.166667
0 0.239382 0.500000 0.212355 0.166667
0 0.239382 0.676101 0.212355 0.166667
0 0.239382 0.845912 0.212355 0.166667
0 0.444015 0.100629 0.212355 0.166667
0 0.444015 0.327044 0.212355 0.166667
0 0.444015 0.500000 0.212355 0.166667
0 0.444015 0.676101 0.212355 0.166667
0 0.444015 0.845912 0.212355 0.166667
0 0.637066 0.100629 0.212355 0.166667
0 0.637066 0.327044 0.212355 0.166667
0 0.637066 0.500000 0.212355 0.166667
0 0.637066 0.676101 0.212355 0.166667
0 0.637066 0.845912 0.212355 0.166667
0 0.880309 0.100629 0.212355 0.166667
0 0.880309 0.327044 0.212355 0.166667
0 0.880309 0.500000 0.212355 0.166667
0 0.880309 0.676101 0.212355 0.166667