0 0.131274 0.122642 0.212355 0.166667
0 0.131274 0.317610 0.212355 0.166667
0 0.131274 0.622642 0.212355 0.166667
0 0.131274 0.795597 0.212355 0.166667
0 0.351351 0.122642 0.212355 0.166667
0 0.351351 0.317610 0.212355 0.166667
0 0.351351 0.622642 0.212355 0.166667
0 0.351351 0.795597 0.212355 0.166667
0 0.351351 0.968553 0.212355 0.166667
0 0.594595 0.122642 0.212355 0.166667
0 0.594595 0.317610 0.212355 0.166667
0 0.594595 0.622642 0.212355 0.166667
0 0.594595 0.795597 0.212355 0.166667
0 0.818533 0.122642 0.212355 0.166667
0 0.818533 0.317610 0.212355 0.166667
0 0.818533 0.622642 0.212355 0.166667
0 0.818533 0.795597 0.212355 0.166667