0 0.104247 0.154088 0.212355 0.166667
0 0.104247 0.377358 0.212355 0.166667
0 0.104247 0.534591 0.212355 0.166667
0 0.316602 0.154088 0.212355 0.166667
0 0.316602 0.377358 0.212355 0.166667
0 0.316602 0.534591 0.212355 0.166667
0 0.316602 0.707547 0.212355 0.166667
0 0.528958 0.154088 0.212355 0.166667
0 0.528958 0.377358 0.212355 0.166667
0 0.528958 0.534591 0.212355 0.166667
0 0.528958 0.707547 0.212355 0.166667
0 0.528958 0.893082 0.212355 0.166667
0 0.741313 0.154088 0.212355 0.166667
0 0.741313 0.377358 0.212355 0.166667
0 0.741313 0.534591 0.212355 0.166667
0 0.741313 0.707547 0.212355 0.166667
0 0.741313 0.893082 0.212355 0.166667