0 0.177606 0.144654 0.212355 0.166667
0 0.177606 0.314465 0.212355 0.166667
0 0.177606 0.635220 0.212355 0.166667
0 0.177606 0.808176 0.212355 0.166667
0 0.177606 0.981132 0.212355 0.166667
0 0.401544 0.144654 0.212355 0.166667
0 0.401544 0.314465 0.212355 0.166667
0 0.401544 0.635220 0.212355 0.166667
0 0.401544 0.808176 0.212355 0.166667
0 0.401544 0.981132 0.212355 0.166667
0 0.613900 0.144654 0.212355 0.166667
0 0.613900 0.314465 0.212355 0.166667
0 0.613900 0.635220 0.212355 0.166667
0 0.613900 0.808176 0.212355 0.166667
0 0.613900 0.981132 0.212355 0.166667
0 0.849421 0.144654 0.212355 0.166667
0 0.849421 0.314465 0.212355 0.166667
0 0.849421 0.635220 0.212355 0.166667
0 0.849421 0.808176 0.212355 0.166667