0 0.138996 0.163522 0.212355 0.166667
0 0.138996 0.336478 0.212355 0.166667
0 0.138996 0.597484 0.212355 0.166667
0 0.138996 0.770440 0.212355 0.166667
0 0.138996 0.943396 0.212355 0.166667
0 0.451737 0.163522 0.212355 0.166667
0 0.451737 0.336478 0.212355 0.166667
0 0.451737 0.597484 0.212355 0.166667
0 0.451737 0.770440 0.212355 0.166667
0 0.451737 0.943396 0.212355 0.166667
0 0.664093 0.163522 0.212355 0.166667
0 0.664093 0.336478 0.212355 0.166667
0 0.664093 0.597484 0.212355 0.166667
0 0.664093 0.770440 0.212355 0.166667
0 0.664093 0.943396 0.212355 0.166667
0 0.868726 0.163522 0.212355 0.166667
0 0.868726 0.336478 0.212355 0.166667
0 0.868726 0.597484 0.212355 0.166667
0 0.868726 0.770440 0.212355 0.166667
0 0.868726 0.943396 0.212355 0.166667