0 0.138996 0.113208 0.212355 0.166667
0 0.138996 0.333333 0.212355 0.166667
0 0.138996 0.500000 0.212355 0.166667
0 0.138996 0.672956 0.212355 0.166667
0 0.138996 0.845912 0.212355 0.166667
0 0.405405 0.113208 0.212355 0.166667
0 0.405405 0.333333 0.212355 0.166667
0 0.405405 0.500000 0.212355 0.166667
0 0.405405 0.672956 0.212355 0.166667
0 0.405405 0.845912 0.212355 0.166667
0 0.613900 0.113208 0.212355 0.166667
0 0.613900 0.333333 0.212355 0.166667
0 0.613900 0.500000 0.212355 0.166667
0 0.613900 0.672956 0.212355 0.166667
0 0.613900 0.845912 0.212355 0.166667
0 0.826255 0.113208 0.212355 0.166667
0 0.826255 0.333333 0.212355 0.166667
0 0.826255 0.500000 0.212355 0.166667
0 0.826255 0.672956 0.212355 0.166667