0 0.258687 0.235849 0.212355 0.166667
0 0.258687 0.408805 0.212355 0.166667
0 0.258687 0.578616 0.212355 0.166667
0 0.258687 0.761006 0.212355 0.166667
0 0.258687 0.930818 0.212355 0.166667
0 0.451737 0.235849 0.212355 0.166667
0 0.451737 0.408805 0.212355 0.166667
0 0.451737 0.578616 0.212355 0.166667
0 0.451737 0.761006 0.212355 0.166667
0 0.694981 0.235849 0.212355 0.166667
0 0.694981 0.408805 0.212355 0.166667
0 0.694981 0.578616 0.212355 0.166667
0 0.694981 0.761006 0.212355 0.166667
0 0.694981 0.930818 0.212355 0.166667
0 0.907336 0.408805 0.212355 0.166667
0 0.907336 0.761006 0.212355 0.166667